subjects=350,357,358,360,361,362,363,372,377,382,403,1526&exts=18997,20415,28350,63524,63525,63527,63528,63529,63530,63619,63621,63808,65880,67656,67734,67735,219510,236912,249889,249890,249895|subjects=341,351,352,353,359,364,365,366,367,370,375,385,436,439,448,496,507,510,521,555,708,871,950,953,958,959,1074,1246,1247,1248,1264,1290,1522,1527,1560,1566,1570,1672,1674,1675,1690,1757,1847,1848,1867,1926,1927,1928,1929,1937,1938,1954,1955,1957,1963,2100,2101,2244,2245,2259,2334,2340,2410,2592,2593,2626,2627,2741,2859,2926,3151,3198,3356,3505,3507,3705,3953,4586,4775,5734,5976,7424,7461
beauty5:
1566
1954
5522
362
440
444
909
596
1076
2760
2944
308
377
341
367
436
1952
7113
49
363
403
356
4928
6808
96
556
3066
3944
2787
6054
1321
1672
438
510
1139
1311
357
1610
2494
2786
3454
1624
464
953
975
