(тени) (для век)||yes|common||||beauty|subject=346|()
(масло) (для волос)||yes|common||||beauty|subject=362|()
(салфетки)|10000375|yes|common||menu_item||beauty|subject=509;49|(красота)
(косметика)||yes|common||||beauty|subject=49|()
(новый год)|10000639|yes|common||menu_item||beauty|subject=259;3;7;49;133;195;200;257;571;786;883;1284;1590;2050;3109&subject=49|(красота)
(влажные) (салфетки)|10000953|yes|common||menu_item||beauty|subject=953;3267|() (красота)
(влажные) (салфетки)|10000953|yes|common||menu_item||beauty|subject=953;3267|() (красота)
(крем) (для лица) (увлажняющий)||yes|common||||beauty|subject=357;403&f56267=535803;405944;453145;480184;416951;413213;529048;413161;63524;502095;478405;508060;408668;446896;497924;467136;492484;442245;503112;484626;442028;439568;422742;564004;501460;578571;442117;413393;474502;521705;410442;437720;413706;526774;565431;420343;565920;534178;490719;452200;417262;455539;438562;419075;419037;438746;458323;470140;500255;458060;544976;438411;423398;421721;529455;457738;410321;483010;443970;449816;458323;496691;470140;465351;444005;419517;409688;421685;475254;460448;526142;500255;419918;500816;522616;446421;398108;478165;444005;419517;418924;409688;526212;539443;478036;542486;418520&f10829=489856;443752;489924;454613;441915;445132;454659;445133;413404;445870;526436;494768;439353;476033;494880;474637;437745;537829;411077;481474;441727;510489;543993;510530;518523;439905;434564;490389;496481;412744;419336;475296;484029;446889;441883;494546;439475;451186;490718;494554;438576;455298;467026;425988;514494;420190;449459;486850;19001;438571;438561;471088;420443;513490;447012;446464;419335;437952;440203;471490;425874;478518;517501;458647;444428;517424;460710;495497;418519;420674;434628;505860;408660;518445;460729;518433;516509;518454;515757;486530;455631;543559;509226;425780;409687;411000;486428;418923;518261|()
(день) (рождения)|10001963|yes|common||menu_item||beauty|subject=341;375;382;403;1489;1527;1624;3151&ext=66599|(красота)
(воскоплав)|10002247|yes|common||content_item||beauty|subject=3493;49|(красота)
(израильская) (косметика)|10002776|yes|common||menu_item||beauty|brand=2129;2346;4271;5775;5967;7027;7777;13008;15115;16886;20036;25195;25196;27242;27330;28504;39249;44690;49254;9813&subject=344;345;346;347;348;349;350;351;352;353;354;355;357;358;359;360;361;362;363;364;365;366;367;372;377;382;385;403;436;439;447;510;871;950;1264;1526;1566;1570;1668;1672;1927;1929;1949;1957;1963;3356|()
(для волос)|10002812|yes|common||menu_item||beauty|subject=357;358;359;360;362;363;367;372;377;403;436;447;1074;1672;361;364;365;366;435;510;950;1526;1566;1570;1668;352;500;1671;1916;382;871;1661;1690;1954;1963;2244;2259;1871;1939;2027;3354;3376|()
(декор)|10002900|yes|common||menu_item||beauty|subject=1196;1729;2347;2417;2419;2420;2421;2424;3105;4758;4916;5092;5093;49|(красота)
(кусачки) (для кутикулы)||yes|common||||beauty|subject=1412;1964;1991;308|()
(товары) (для взрослых)|10004514|yes|common||menu_item||beauty|subject=2596;2602;2603;2604;2605;2606;2607;2608;2609;2610;2611;2612;2613;2614;2615;2616;2617;2618;3392;5037;5046;5050;5052;5132;5186;5193;5194;49|(красота)
(контуринг)|10004558|yes|common||menu_item||beauty|subject=353;1250;346;350;352;355;1624;1931|()
(крем) (для лица) (антивозрастной)||yes|common||||beauty|subject=357;403&f56267=535803;405944;453145;480184;416951;413213;529048;413161;63524;502095;478405;508060;408668;446896;497924;467136;492484;442245;503112;484626;442028;439568;422742;564004;501460;578571;442117;413393;474502;521705;410442;437720;413706;526774;565431;420343;565920;534178;490719;452200;417262;455539;438562;419075;419037;438746;458323;470140;500255;458060;544976;438411;423398;421721;529455;457738;410321;483010;443970;449816;458323;496691;470140;465351;444005;419517;409688;421685;475254;460448;526142;500255;419918;500816;522616;446421;398108;478165;444005;419517;418924;409688;526212;539443;478036;542486;418520;437706&f10829=458709;554670;437772;461647;409685;423987;415364;408353;420107;460162;412867;437700;482176;459914;454290;473850;579156;491605;468598;465967;443273;494593;482955;495232;438590;470122;510530;484026;409793;475100;425670;483071;518925;481496;469099;439905;455930;474472;132583;486478;467026;511841;440618;512580;440206;467914;449458;457943;512464;450491;516512;513520;421734;473776;463465;480397;504591;518478;478518;458647;444428;486530;516507;421720;486428;518520;434605;474469;437728;442118;437705|()
(патч)||yes|common||||beauty|subject=3356|()
(волосы)|10005793|yes|common||menu_item||beauty|subject=349;350;352;353;356;357;358;359;360;361;362;363;364;365;366;367;372;377;382;385;403;435;436;447;448;496;510;721;871;950;953;1074;1526;1560;1566;1570;1661;1668;1671;1672;1690;1698;1867;1871;1916;1927;1928;1939;1943;1954;1957;1963;2027;2244;2245;2259;2465;2757;2790;2859;2926;2957;3354;3376;3515;3633;4285;4286;4287;4290;4306;4565;5278|()
(карандаш)|10005862|yes|common||menu_item||beauty|subject=350;3914|(красота)
(стикини)|10005989|yes|common||menu_item||beauty|subject=2821|()
(палитра)|10006307|yes|common||content_item||beauty|subject=2573;49|(красота)
(органическая) (косметика)|10006483|yes|common||menu_item||beauty|brand=4299;4408;4482;4488;5710;5711;5853;5868;5869;6075;6077;6078;6079;6080;6161;7124;8998;9005;9238;9363;9364;9365;9366;9367;9558;9596;10064;10083;10641;10833;11843;12021;12371;12462;12815;12885;13010;13319;13493;13531;13841;13895;14488;15170;16429;16555;16652;18190;18195;18339;19359;20349;20453;20456;20646;20697;24288;24679;24901;25693;25886;26306;26399;27048;27245;27854;29519;29592;29934;31650;33665;35797;36260;36716;39063;39527;41366;41665;44541;44660;46736;47422;48685;49295;52660;56735&subject=344;346;347;348;349;350;351;352;353;354;357;358;359;360;361;362;363;364;365;366;367;370;372;375;377;382;385;403;436;438;439;447;496;871;950;958;959;1074;1076;1248;1264;1526;1566;1570;1624;1661;1672;1690;1916;1921;1923;1926;1927;1928;1929;1942;1949;1954;1963;2036;2244;2245;2259;2626;2786;3151;3356;3505|()
(вкладыши)|10006997|yes|common||content_item||beauty|subject=550;49|(красота)
(тканевые) (маски)|10007247|yes|common||menu_item||beauty|subject=1526|()
(отбеливающие полоски)||yes|common||||beauty|subject=1862|()
(маникюр)|10007900|yes|common||menu_item||beauty|subject=345;357;359;360;361;362;363;364;365;366;372;377;436;871;950;1411;1672;403;1942;1949;2259;308;443;721;1245;1940;1941;1943;1944;2135;2306;2307;2326|()
(спрей) (для обуви)|10008640|yes|common||content_item||beauty|subject=676;49|(красота)
(для ног)|10008896|yes|common||menu_item||beauty|subject=357;359;361;362;372;377;385;403;436;1672;360;363;366;367;382;950;1566;1675;3356|()
(для ног)|10008896|yes|common||menu_item||beauty|subject=357;359;361;362;372;377;385;403;436;1672;360;363;366;367;382;950;1566;1675;3356|(обувь)
(ламинатор)|10009709|yes|common||content_item||beauty|subject=3112;49|(красота)
(переводные) (татуировки)||yes|common||||beauty|subject=796|()
(ногти)|10009829|yes|common||menu_item||beauty|subject=308;345;350;353;357;359;360;361;362;363;364;365;366;367;372;377;436;437;439;443;448;456;457;721;871;950;961;1245;1411;1412;1526;1566;1570;1611;1624;1672;1674;1690;1867;1937;1940;1941;1942;1943;1944;1945;1946;1947;1949;1954;1957;1963;1964;1988;1989;1990;1991;2134;2135;2259;2306;2307;2326;2332;2333;2358;2794;3018;3355;3581;3621;3632;3944;4079;4525;4526;4556;4557;4558;5009|()
(футляр)|10010393|yes|common||menu_item||beauty|subject=69;49|(красота)
(крем) (для лица) (питательный)||yes|common||||beauty|subject=357;403&f56267=535803;405944;453145;480184;416951;413213;529048;413161;63524;502095;478405;508060;408668;446896;497924;467136;492484;442245;503112;484626;442028;439568;422742;564004;501460;578571;442117;413393;474502;521705;410442;437720;413706;526774;565431;420343;565920;534178;490719;452200;417262;455539;438562;419075;419037;438746;458323;470140;500255;458060;544976;438411;423398;421721;529455;457738;410321;483010;443970;449816;458323;496691;470140;465351;444005;419517;409688;421685;475254;460448;526142;500255;419918;500816;522616;446421;398108;478165;444005;419517;418924;409688;526212;539443;478036;542486;418520;437706&f10829=479017;438285;537829;481474;441721;396672;396673;455918;448045;518262;490389;436678;518329;504022;18995;496481;437780;475754;419336;494077;440187;461673;418406;475296;484029;446889;488975;441883;474644;494546;439475;451186;490718;494554;438576;472094;409686;446940;518246;450364;420443;513490;460710;495497;420674;434628;460729|()
(пэстис)|10010842|yes|common||menu_item||beauty|subject=497;5132;49|(красота)
(наборы)|10010945|yes|common||menu_item||beauty|subject=403;1624;341;375;308;3944;3050;267;1396;2619;3729;4039;2556;119;328;339;803;804;1254;2861;655;4817;702;716;829;830;849;1002;1190;1268;1349;1543;1766;1808;1811;1831;1879;1914;2121;2232;2830;2850;3683;3960;4560;4798;1812;851;996;991;2160;931;333;1191;1855;591|()
(дезинфицирующее) (средство)|10010973|yes|common||content_item||beauty|subject=4986;49|(красота)
(магнезия)|10011622|yes|common||menu_item||beauty|subject=2198;49|(красота)
(интимная) (косметика)|10012333|yes|common||content_item_substr||beauty|subject=2036;357;362;363;365;367;385;436;871;953;1526;1672;1690;1938;1963|()
(зеркала)|10012775|yes|common||menu_item||beauty|subject=198;49|(красота)
(прополис)|10012825|yes|common||menu_item||beauty|subject=3460;49|(красота)
(товары) (для бани)|10013087|yes|common||menu_item||beauty|subject=1847;1848;2093;4790;4791;4792|(красота)
(эмаль)|10013868|yes|common||menu_item||beauty|subject=205;54;299;207;49|(красота)
(для лица)|10014968|yes|common||menu_item||beauty|subject=357;359;360;361;362;363;364;365;366;367;372;377;403;436;950;1074;1566;1672;1929;1954;2926;3505;370;382;507;510;871;1526;1570;1963;3356;4775;708;1690;2244;2259;1560;1955;1957|()
(уход) (за лицом)|10015779|yes|common||menu_item||beauty|subject=357;359;360;361;362;363;364;365;366;367;370;372;377;382;403;436;439;448;464;496;507;510;871;950;953;983;1074;1526;1560;1566;1570;1612;1672;1690;1847;1867;1929;1937;1938;1954;1957;1963;2244;2245;2259;2410;2648;2859;2926;3356;3505;3507;3953;4775&ext=22897;63524|()
(бинты)|10016009|yes|common||content_item_substr||beauty|subject=3245;414;2377;3462;4715;4888;2100;3046|()
(для тела)|10016747|yes|common||menu_item||beauty|subject=357;359;360;361;362;363;364;365;367;372;377;385;403;436;950;1074;1566;1672;1954;3505;366;382;510;871;953;958;959;1076;1570;1963;2036;2259;3356;439;1690;2244;2245;3151;1957|()
(контейнер) (для косметики)||yes|common||||beauty|subject=3734|()
(для губ)|10016880|yes|common||menu_item||beauty|subject=357;360;361;362;363;372;377;403;1921;365;1566;1570;1929;3356;359;367|()
(пластырь) (для похудения)|10016925|yes|common||content_item||beauty|subject=4866;49|(красота)
(шоколадный) (фонтан)|10017311|yes|common||content_item||beauty|subject=3629;49|(красота)
(папе)|10017321|yes|common||menu_item||beauty|subject=341;375;403;1527;1992&ext=66855|(красота)
(нут)|10017927|yes|common||menu_item||beauty|subject=4220;49|(красота)
(бумеранг)|10017959|yes|common||content_item||beauty|subject=4572;49|(красота)
(горчица)|10018941|yes|common||menu_item||beauty|subject=3386;49|(красота)
(макияж)|10018970|yes|common||menu_item||beauty|subject=348;350;352;353;1624;1927;1928;354;344;346;347;349;351;355;582;1409;1918;2340;2802;308;358;377;403;435;437;499;796;1250;1410;1527;1609;1613;1614;1698;1871;1921;1930;1931;1934;2027;2298;2375;2381;2565;2632;2737;3454;3549;4193;4837;4838|()
(против) (акне)|10019054|yes|common||menu_item||beauty|subject=353;357;359;360;361;362;363;364;365;366;367;372;377;382;403;436;439;507;510;871;950;1526;1566;1570;1690;1867;1929;1954;1955;1957;1963;2244;2259;3356;3505;4775&ext=20415|()
(салон) (красоты)|10019128|yes|common||menu_item||beauty|subject=267;49&ext=19760|(красота)
(для глаз)|10019412|yes|common||menu_item||beauty|subject=357;359;362;364;372;377;403;363;365;366;367;370;510;1566;1570;1929;3356;360;1954|()
(профессиональная) (косметика)|10019528|yes|common||menu_item||beauty|brand=1560;4329;5664;6154;6442;6443;6444;6445;6446;6447;6448;6449;6450;6451;6452;6511;6568;6672;7108;7384;7385;7386;7387;7388;7389;7390;7392;7393;7394;7395;7783;7790;7791;7796;8337;8377;8416;9201;9238;9520;9521;9574;9759;9813;11220;11354;11358;11363;11620;11968;11970;11971;11973;11975;11976;11977;11980;11981;11987;11989;11990;12529;13511;13752;13819;14707;14708;16651;17568;17687;18404;20858;21404;22663;22664;30381;30382;30640;31650;33773;33774;34168;35988;37032;38999;39517;39714;39758;39916;40135;42803;50345;53031;53790;53801;56801&subject=308;341;344;345;346;347;348;349;350;351;352;353;354;355;357;358;359;360;361;362;363;364;365;366;367;370;372;375;377;382;385;403;435;436;437;438;439;443;448;464;499;507;510;556;582;596;721;871;950;1074;1245;1247;1248;1250;1410;1411;1428;1526;1560;1566;1570;1610;1612;1614;1615;1624;1661;1668;1671;1672;1674;1675;1690;1698;1847;1862;1867;1871;1916;1918;1921;1926;1927;1928;1929;1930;1931;1934;1939;1940;1941;1942;1943;1944;1949;1954;1955;1957;1963;2027;2101;2135;2244;2245;2259;2298;2306;2307;2326;2334;2340;2358;2375;2410;2565;2592;2626;2627;2632;2757;2786;2790;2802;2859;2926;2936;3050;3210;3354;3356;3376;3454;3505;3507;3515|()
(ножницы) (для стрижки)|10022864|yes|common||menu_item||beauty|subject=2881;49|(красота)
(сахарная) (вата)|10023920|yes|common||menu_item||beauty|subject=3395;49|(красота)
(щетки)|10026675|yes|common||menu_item||beauty|subject=556;1612;3492;5055|(красота)
(антибактериальное) (средство)|10027292|yes|common||content_item||beauty|subject=1948;49|(красота)
(соя)|10027671|yes|common||menu_item||beauty|subject=3417;49|(красота)
(корейские) (бренды)|10029623|yes|common||menu_item||beauty|brand=1043;4249;4250;4450;4451;4452;6142;6143;6313;7476;7796;7920;7921;7970;8589;8590;8613;9127;9336;9337;9520;9521;9523;9758;9759;9762;9788;9789;10012;10014;10015;10019;10020;10021;10024;10085;10095;10523;10822;10863;10865;11055;11056;11158;11163;11164;11166;11167;11168;11172;11173;11391;11417;11824;11825;11826;12061;12431;12507;12553;12554;13365;13434;13435;13580;13581;13582;13585;14223;14328;14792;14902;14904;14937;15030;15031;15836;15906;16414;16839;17069;17345;17567;17652;17653;17654;17655;17656;17657;17660;17665;17947;18153;18163;18166;18303;18668;18672;18770;18771;18924;18962;19023;19214;19302;19303;19423;19585;19642;19734;19818;19889;20031;20046;20320;20505;20693;20939;20940;21246;21320;21597;21598;21617;22015;22216;22538;22539;22543;22937;23556;23668;23790;23916;24475;24491;24633;24957;25402;25683;25779;25832;25919;25948;25950;26057;26103;26407;26425;26543;26681;26703;26788;26790;26793;26819;26820;26822;26852;27053;27131;27162;27196;27285;27710;27826;27963;27968;27969;28034;28143;28145;28147;28403;28436;28466;28936;29425;29607;29990;29994;30614;30855;30857;30858;30861;30916;31033;31270;31945;32518;32737;32841;33394;33395;33398;33518;34109;34111;34649;34917;34958;35024;35416;35698;35755;36637;36734;36884;36926;37122;37195;37993;38527;40648;41665;42098;42101;42102;42103;42420;42708;44419;46896&subject=96;344;345;346;347;348;349;350;351;352;353;354;355;357;358;359;360;361;362;363;364;365;366;367;370;372;375;377;382;385;403;435;436;437;438;440;447;499;500;507;510;556;582;708;871;950;953;958;959;1076;1290;1409;1411;1482;1526;1527;1560;1566;1570;1668;1672;1674;1675;1918;1927;1928;1929;1952;1963;1988;2036;2259;2340;2677;2802;3356;3505;3549;4775|()
(лаки)|10030458|yes|common||menu_item||beauty|subject=345;721;1943;1944;1945;2306;2307;2326;3581|()
(маски) (тканевые)|10030558|yes|common||menu_item||beauty|subject=1526|()
(загуститель)|10030632|yes|common||content_item||beauty|subject=3424;49|(красота)
(подруге)|10030773|yes|common||menu_item||beauty|subject=308;341;382;403;1489;1624&ext=66852|(красота)
(для рук)|10034190|yes|common||menu_item||beauty|subject=357;359;360;361;362;365;377;403;436;3505;363;364;366;382;385;871;950;953;1566;1570;1672;1674;372;1954|()
(уход) (за ногтями)|10034239|yes|common||menu_item||beauty|subject=350;353;357;359;360;361;362;363;364;365;366;367;372;377;436;439;448;871;950;1526;1566;1570;1672;1674;1690;1867;1937;1938;1940;1941;1942;1949;1954;1957;1963;2259;2307&ext=63622|()
(любимому)|10035836|yes|common||menu_item||beauty|subject=341;375;403;1527;1992&ext=66594|(красота)
(зайцы)|10037763|yes|common||menu_item||beauty|subject=268;49&ext=63042|(красота)
(коррекция) (фигуры)|10038498|yes|common||menu_item||beauty|subject=357;359;360;361;362;363;365;366;367;372;377;382;403;436;439;708;871;950;958;959;1074;1566;1672;1757;1848;1867;1957;2100;2101;2244;2259;3507&ext=28350|()
(мужчинам)|10039560|yes|common||menu_item||beauty|subject=341;375;403;1527;1992|(красота)
(майонез)|10039688|yes|common||content_item||beauty|subject=4564;49|(красота)
(восточные) (сладости)|10039900|yes|common||menu_item||beauty|subject=3132;3360;3361;3395;3396;3399;3406;3496;3961;4142;4318;49|(красота)
(порошки)|10040474|yes|common||menu_item||beauty|subject=3525;49|(красота)
(клепки)|10041013|yes|common||menu_item||beauty|subject=1734;49|(красота)
(пахлава)|10041015|yes|common||menu_item||beauty|subject=4318;49|(красота)
(пластыри) (для похудения)|10046003|yes|common||menu_item||beauty|subject=4866;49|(красота)
(против) (растяжек)|10046708|yes|common||menu_item||beauty|subject=357;359;360;361;362;363;365;366;372;377;382;403;439;1074;1526;1560;1690;1957;1963;2259;3151;3356&ext=67735|()
(ножницы) (по металлу)|10046733|yes|common||menu_item||beauty|subject=2295;49|(красота)
(композиция)|10048312|yes|common||menu_item||beauty|subject=1156;49|(красота)
(уход) (за зубами)|10050061|yes|common||menu_item||beauty|subject=357;362;363;367;377;403;436;438;440;556;596;1311;1566;1610;1613;1672;1862;1954;2259;2494;2786;2787;2826;3066;3067;3628;3721;3914;4928&ext=63623|()
(цветочная) (композиция)|10050725|yes|common||content_item||beauty|subject=2521;49|(красота)
(карандаш) (механический)|10055457|yes|common||content_item||beauty|subject=4740;49|(красота)
(окрашивание) (бровей)|10057882|yes|common||menu_item||beauty|subject=358;361;435;1871;2027;5278&ext=63527|()
(против) (морщин)|10060290|yes|common||menu_item||beauty|subject=357;359;360;361;362;363;364;366;367;372;377;382;403;436;950;1526;1560;1566;1570;1672;1690;1867;1954;1957;2244;2259;2859;2926;3356;3505;4775&ext=18997|()
(агроперлит)|10061013|yes|common||menu_item||beauty|subject=1726;49|(красота)
(против) (пигментации)|10066592|yes|common||menu_item||beauty|subject=357;359;360;361;362;363;364;365;366;367;372;377;382;403;950;1526;1560;1566;1570;1690;2259;2859;2926;3356;3505;4775&ext=67734|()
(корректоры)|10069189|yes|common||menu_item||beauty|subject=353;1927;1928;350;835;1676;1677;1678;4112;2077;2078;4177|()
(маска) (эротик)|10070429|yes|common||content_item||beauty|subject=5023;49|(красота)
(кускус)|10070825|yes|common||menu_item||beauty|subject=3977;49|(красота)
(очищение)|10073102|yes|common||menu_item||beauty|subject=644;645;670;671;674;676;677;678;681;682;683;688;691;750;1175;4272;49&ext=24321|(красота)
(уход)|10082216|yes|common||menu_item_substr||beauty|subject=723|()
(зеленка)|10085213|yes|common||content_item||beauty|subject=2970;49|(красота)
(для усиления) (загара)|10085953|yes|common||menu_item||beauty|subject=357;359;362;363;365;377;436;521;1566&ext=31206|()
(ванночки)|10086944|yes|common||content_item_substr||beauty|subject=3233;49|(красота)
(ванночки)|10086944|yes|common||content_item_substr||beauty|subject=3233;883|(товары для малышей)
(отбеливатель) (зубов)|10088334|yes|common||content_item||beauty|subject=4052;49|(красота)
(подводки)|10089298|yes|common||menu_item||beauty|subject=350;351|()
(щеточка) (для ногтей)|10094026|yes|common||content_item||beauty|subject=1486;49|(красота)
(уход) (за полостью) (рта)|10096450|yes|common||menu_item||beauty|subject=357;363;367;403;436;438;440;556;362;1954;2259;2786|()
(салфетки) (для груди)|10096930|yes|common||menu_item||beauty|subject=1701;49|(красота)
(праймеры)|10097250|yes|common||menu_item||beauty|subject=354;4164;2307;4586|()
(дермокосметика)|20001224|yes|common||menu_item||beauty|brand=5949;7108;7774;7776;7780;7783;7785;7787;7789;7791;7797;7798;10014;11976;13008;14893;15142;19492;21404;27330;28537;29227;32165;33773;38999;39249;39577;39916;41366;41966;55537;56801&subject=348;350;352;353;357;358;359;360;361;362;363;364;365;366;367;372;377;385;403;436;439;447;950;1074;1566;1672;1921;1923;1927;1928;1929;1954;1963;2926;3505|()
(аксессуары для солярия)|20001225|yes|common||menu_item||beauty|subject=2820;2821;3967|()
(дорожные косметические средства)|20001227|yes|common||menu_item||beauty|subject=357;358;363;403;438&ext=209139|()
(парикмахерская техника)|20001230|yes|common||menu_item||beauty|brand=1560;8615;14536;25754;33743&subject=627;633;642;654;1717;2314;3185;4870|()
(румяна и бронзеры)|20001246|yes|common||menu_item||beauty|subject=355;1931|()
(бронзанты и автозагар)|20001262|yes|common||menu_item||beauty|subject=521|()
(красота и уход)|20001724|yes|common||menu_item||beauty|subject=341;352;355;382;403;1250;1624|()
(тканевые маски и патчи)|20005550|yes|common||menu_item||beauty|subject=1526|()
(для депиляции и эпиляции)|20005557|yes|common||menu_item||beauty|subject=357;359;361;362;363;365;366;436;1566;375;1290;1527;1248;1690;2626;448;496;2627|()
(для мам и малышей)|20005561|yes|common||menu_item||beauty|subject=357;358;359;362;363;365;367;377;403;438;1566;1672;308;360;364;366;382;436;447;496;500;556;708;871;909;953;958;959;975;1076;1411;1610;1675;1690;1701;2259;2786;3050;3151;345|()
(мужская линия)|20005565|yes|common||menu_item||beauty|subject=357;358;359;366;367;372;377;382;385;403;436;1923;360;361;362;363;364;365;375;447;871;950;1290;1526;1527;1566;1668;96;341;352;356;439;444;500;507;958;959;1264;1661;1671;1672;1690;1867;1916;1926;1952;1954;1965;1992;3305;3633;4090|()
(базы для макияжа)|20005608|yes|common||menu_item||beauty|subject=354|()
(капы для отбеливания зубов)|20005657|yes|common||menu_item||beauty|subject=3721|()
(капа для отбеливания зубов)|20005658|yes|common||content_item||beauty|subject=3721|()
(мужской уход)|20007878|yes|common||menu_item||beauty|subject=341;375;403;1527;1992;362;363;382;500|()
(крем для лица)||yes|common||||beauty|subject=357;403&f56267=535803;405944;453145;480184;416951;413213;529048;413161;63524;502095;478405;508060;408668;446896;497924;467136;492484;442245;503112;484626;442028;439568;422742;564004;501460;578571;442117;413393;474502;521705;410442;437720;413706;526774;565431;420343;565920;534178;490719;452200;417262;455539;438562;419075;419037;438746;458323;470140;500255;458060;544976;438411;423398;421721;529455;457738;410321;483010;443970;449816;458323;496691;470140;465351;444005;419517;409688;421685;475254;460448;526142;500255;419918;500816;522616;446421;398108;478165;444005;419517;418924;409688;526212;539443;478036;542486;418520|()
(7 days) (подводка)||yes|common||||beauty|subject=351&brand=29600|()
(сыворотка) (revitalift)||yes|common||||beauty|brand=4278&subject=372|()
(кассеты) (для бритвы)||yes|common||||beauty|subject=1290|()
(лак для маникюра)||yes|common||||beauty|subject=345|()
(для) (взрослых)||yes|common||||beauty|subject=2596;2602;2603;2604;2605;2606;2607;2608;2609;2610;2611;2612;2613;2614;2615;2616;2617;2618;3392;5037;5046;5050;5052;5132;5186;5193;5194;49|(красота)
(набор)||yes|common||||beauty|subject=403;1624;341;375;308;3944;3050;267;1396;2619;3729;4039;2556;119;328;339;803;804;1254;2861;655;4817;702;716;829;830;849;1002;1190;1268;1349;1543;1766;1808;1811;1831;1879;1914;2121;2232;2830;2850;3683;3960;4560;4798;1812;851;996;991;2160;931;333;1191;1855;591|()
(женские духи)||yes|common||||beauty|subject=96;341;356;444;464;1952;5522&ext=65915;65916|()
(шампунь) (для волос)||yes|common||||beauty|subject=358;1661;1916;4565|()
(духи для женщин)||yes|common||||beauty|subject=96;341;356;444;464;1952;5522&ext=65915;65916|()
